10 0 100 9
1 2 3 5 6 7 8
0 1 0 i
0 3 0 a
0 3 1 b
0 3 2 c
0 3 3 d
0 3 4 e
0 3 5 g
0 3 6 h
0 3 7 i
0 3 8 j
0 3 9 k
0 3 10 l
0 3 11 m
0 3 12 n
0 3 13 o
0 3 14 p
0 3 15 q
0 3 16 r
0 3 17 s
0 3 18 t
0 3 19 u
0 3 20 v
0 3 21 w
0 3 22 x
0 3 23 y
0 3 24 z
3 3 0 a
3 3 1 b
3 3 2 c
3 3 3 d
3 3 4 e
3 3 5 g
3 3 6 h
3 3 7 i
3 3 8 j
3 3 9 k
3 3 10 l
3 3 11 m
3 3 12 n
3 3 13 o
3 3 14 p
3 3 15 q
3 3 16 r
3 3 17 s
3 3 18 t
3 3 19 u
3 3 20 v
3 3 21 w
3 3 22 x
3 3 23 y
3 3 24 z
3 3 25 i
1 2 0 f
0 4 0 .
0 6 0 0
0 6 1 1
0 6 2 2
0 6 2 2
0 6 3 3
0 6 4 4
0 6 5 5
0 6 6 6
0 6 7 7
0 6 8 8
0 6 9 9
6 6 0 0
6 6 1 1
6 6 2 2
6 6 2 2
6 6 3 3
6 6 4 4
6 6 5 5
6 6 6 6
6 6 7 7
6 6 8 8
6 6 9 9
6 7 0 .
7 7 0 0
7 7 1 1
7 7 2 2
7 7 3 3
7 7 4 4
7 7 5 5
7 7 6 6
7 7 7 7
7 7 8 8
7 7 9 9
4 5 0 0
4 5 1 1
4 5 2 2
4 5 2 2
4 5 3 3
4 5 4 4
4 5 5 5
4 5 6 6
4 5 7 7
4 5 8 8
4 5 9 9
4 5 0 0
5 5 1 1
5 5 2 2
5 5 2 2
5 5 3 3
5 5 4 4
5 5 5 5
5 5 6 6
5 5 7 7
5 5 8 8
5 5 9 9

